** L shaped bracket
*mesh
**
120, 120, 0.5
**
*hole, circle
6.0,6.0,2.0
12.0,6.0,2.0
18.0,6.0,2.0
24.0,6.0,2.0
30.0,6.0,2.0
36.0,6.0,2.0
42.0,6.0,2.0
48.0,6.0,2.0
54.0,6.0,2.0
6.0,12.0,2.0
12.0,12.0,2.0
18.0,12.0,2.0
24.0,12.0,2.0
30.0,12.0,2.0
36.0,12.0,2.0
42.0,12.0,2.0
48.0,12.0,2.0
54.0,12.0,2.0
6.0,18.0,2.0
12.0,18.0,2.0
18.0,18.0,2.0
24.0,18.0,2.0
30.0,18.0,2.0
36.0,18.0,2.0
42.0,18.0,2.0
48.0,18.0,2.0
54.0,18.0,2.0
6.0,24.0,2.0
12.0,24.0,2.0
18.0,24.0,2.0
6.0,30.0,2.0
12.0,30.0,2.0
18.0,30.0,2.0
6.0,36.0,2.0
12.0,36.0,2.0
18.0,36.0,2.0
6.0,42.0,2.0
12.0,42.0,2.0
18.0,42.0,2.0
6.0,48.0,2.0
12.0,48.0,2.0
18.0,48.0,2.0
6.0,54.0,2.0
12.0,54.0,2.0
18.0,54.0,2.0
*hole, rect
24.0, 60.0, 24.0, 60.0
*mat
1.0, 0.3
**
*bound, area
-0.01, 24.01, 59.99, 60.01, 1, 1
*fix-lsf, area
23.99, 60.01, 23.99, 60.01
**
*load, point, 1
60.0, 12.0,
0.0, -1.0
**
*control
150, 2, 1, 0.5e-3, 4.0, 0.0
**
*objective, compliance
*constraint, 1
volume, -1, 0.3
**
