** Michell arch structure
*mesh
160, 80, 1.0
**
*hole, circle
16.0,	14.0,	5.0
32.0,	27.0,	5.0
48.0,	14.0,	5.0
64.0,	27.0,	5.0
80.0,	14.0,	5.0
96.0,	27.0,	5.0
112.0,	14.0,	5.0
128.0,	27.0,	5.0
144.0,	14.0,	5.0
16.0,	40.0,	5.0
32.0,	53.0,	5.0
48.0,	40.0,	5.0
64.0,	53.0,	5.0
80.0,	40.0,	5.0
96.0,	53.0,	5.0
112.0,	40.0,	5.0
128.0,	53.0,	5.0
144.0,	40.0,	5.0
16.0,	66.0,	5.0
48.0,	66.0,	5.0
80.0,	66.0,	5.0
112.0,	66.0,	5.0
144.0,	66.0,	5.0
*mat
1.0, 0.3
**
*bound, point
0.0, 0.0, 1, 1
160.0, 0.0, 1, 1
**
*fix-lsf, area
-0.01, 2.01, -0.01, 2.01
157.99, 160.01, -0.01, 2.01
78.99, 81.01, -0.01, 2.01
**
*load, point, 1
79.0, 0.0,
0.0, 2.5
*load, point
80.0, 0.0,
0.0, 5.0
*load, point
81.0, 0.0,
0.0, 2.5
**
*control
200, 2, 1, 5.0e-4, 6.0, 0.0
**
*objective, compliance
*constraint, 1
volume, -1, 0.4
**

