** MBB beam, right half 12:1 ratio
*mesh
240, 80, 1.0
**
*hole, circle
32.0	40.0	6.0
64.0	40.0	6.0
96.0	40.0	6.0
128.0	40.0	6.0
160.0	40.0	6.0
192.0	40.0	6.0
224.0	40.0	6.0
16.0	20.0	6.0
48.0	20.0	6.0
80.0	20.0	6.0
112.0	20.0	6.0
144.0	20.0	6.0
176.0	20.0	6.0
208.0	20.0	6.0
16.0	60.0	6.0
48.0	60.0	6.0
80.0	60.0	6.0
112.0	60.0	6.0
144.0	60.0	6.0
176.0	60.0	6.0
208.0	60.0	6.0
*mat
1.0, 0.3
**
*bound, point
240.0, 0.0, 0, 1
*bound, area
-0.01, 0.01, -0.01, 80.01, 1, 0
**
*load, point, 1
0.0, 80.0,
0.0, 2.5
*load, point
1.0, 80.0,
0.0, 5.0
*load, point
2.0, 80.0,
0.0, 2.5
**
*control
200, 2, 0, 5.0e-4, 6.0, 0.0
**
*objective, compliance
*constraint, 1
volume, -1, 0.4
**

