** cantilever 2:1 ratio
*mesh
**
160, 80, 1.0
**
*hole, circle
16.0,	14.0,	5.0
32.0,	27.0,	5.0
48.0,	14.0,	5.0
64.0,	27.0,	5.0
80.0,	14.0,	5.0
96.0,	27.0,	5.0
112.0,	14.0,	5.0
128.0,	27.0,	5.0
144.0,	14.0,	5.0
16.0,	40.0,	5.0
32.0,	53.0,	5.0
48.0,	40.0,	5.0
64.0,	53.0,	5.0
80.0,	40.0,	5.0
96.0,	53.0,	5.0
112.0,	40.0,	5.0
128.0,	53.0,	5.0
144.0,	40.0,	5.0
16.0,	66.0,	5.0
48.0,	66.0,	5.0
80.0,	66.0,	5.0
112.0,	66.0,	5.0
144.0,	66.0,	5.0
*mat
1.0, 0.3
**
*bound, area
-0.01, 0.01, -0.01, 80.01, 1, 1
**
*load, point, 1
160.0, 39.0,
0.0, 2.5
*load, point
160.0, 40.0,
0.0, 5.0
*load, point
160.0, 41.0,
0.0, 2.5
**
*control
150, 2, 0, 1.0e-3, 6.0, 0.0
**
*objective, compliance
*constraint, 1
volume, -1, 0.5
**
